593
0 0 0 11
1 0 1 11
2 0 2 11
3 0 3 11
4 1 4 12
5 0 5 11
7 0 7 11
8 0 8 11
9 0 9 11
10 0 10 11
11 10 11 21
12 6 12 17
14 7 14 18
16 0 16 11
16 12 16 23
17 0 17 11
17 12 17 23
18 0 18 11
18 12 18 23
19 0 19 11
19 17 19 28
20 0 20 11
20 12 20 23
21 0 21 11
21 12 21 23
22 0 22 11
23 0 23 11
23 12 23 23
24 0 24 11
25 0 25 11
26 12 26 23
26 24 26 35
27 0 27 11
27 12 27 23
27 26 27 37
28 4 28 15
29 0 29 11
29 13 29 24
29 26 29 37
30 0 30 11
30 14 30 25
30 27 30 38
31 0 31 11
31 12 31 23
31 24 31 35
32 3 32 14
32 30 32 41
33 0 33 11
33 13 33 24
34 2 34 13
34 26 34 37
35 0 35 11
35 12 35 23
35 24 35 35
36 0 36 11
36 12 36 23
37 0 37 11
37 12 37 23
37 24 37 35
39 0 39 11
39 14 39 25
39 26 39 37
39 38 39 49
40 0 40 11
40 12 40 23
40 24 40 35
40 36 40 47
41 4 41 15
41 16 41 27
41 28 41 39
42 0 42 11
42 12 42 23
42 24 42 35
42 36 42 47
43 0 43 11
43 12 43 23
43 38 43 49
44 0 44 11
44 14 44 25
44 26 44 37
44 38 44 49
45 0 45 11
45 18 45 29
45 33 45 44
45 45 45 56
46 0 46 11
46 12 46 23
46 24 46 35
46 36 46 47
47 0 47 11
47 12 47 23
47 24 47 35
47 36 47 47
48 0 48 11
48 13 48 24
48 29 48 40
48 41 48 52
49 0 49 11
49 12 49 23
49 24 49 35
49 36 49 47
49 48 49 59
50 0 50 11
50 12 50 23
50 24 50 35
50 36 50 47
51 0 51 11
51 18 51 29
52 0 52 11
52 12 52 23
52 25 52 36
52 37 52 48
52 49 52 59
53 0 53 11
53 16 53 27
53 43 53 54
54 10 54 21
54 22 54 33
55 0 55 11
55 12 55 23
55 24 55 35
55 48 55 59
56 0 56 11
56 18 56 29
56 30 56 41
56 42 56 53
57 0 57 11
57 12 57 23
57 24 57 35
57 36 57 47
58 0 58 11
58 12 58 23
58 24 58 35
58 36 58 47
58 48 58 59
59 0 59 11
59 24 59 35
60 16 60 27
60 28 60 39
61 2 61 13
61 14 61 25
61 26 61 37
61 38 61 49
62 5 62 16
62 17 62 28
62 29 62 40
62 45 62 56
63 10 63 21
63 24 63 35
63 36 63 47
64 0 64 11
64 14 64 25
64 26 64 37
65 0 65 11
65 27 65 38
65 39 65 50
65 51 65 59
66 0 66 11
66 17 66 28
66 29 66 40
66 41 66 52
67 0 67 11
67 12 67 23
67 38 67 49
67 50 67 59
68 6 68 17
68 18 68 29
68 30 68 41
69 0 69 11
69 12 69 23
69 24 69 35
70 0 70 11
70 14 70 25
70 26 70 37
71 0 71 11
71 13 71 24
71 33 71 44
71 45 71 56
72 28 72 39
72 40 72 51
73 0 73 11
73 12 73 23
73 24 73 35
73 36 73 47
74 0 74 11
74 12 74 23
74 24 74 35
74 36 74 47
74 48 74 59
75 0 75 11
75 12 75 23
75 26 75 37
75 38 75 49
75 50 75 59
76 0 76 11
76 37 76 48
76 49 76 59
77 1 77 12
77 15 77 26
77 27 77 38
77 39 77 50
77 51 77 59
78 3 78 14
78 15 78 26
78 27 78 38
78 39 78 50
79 0 79 11
79 19 79 30
79 31 79 42
79 43 79 54
80 11 80 22
80 25 80 36
80 42 80 53
81 13 81 24
81 25 81 36
81 37 81 48
82 0 82 11
82 12 82 23
82 24 82 35
82 36 82 47
82 48 82 59
83 18 83 29
83 30 83 41
83 42 83 53
84 26 84 37
84 38 84 49
85 0 85 11
85 12 85 23
85 24 85 35
85 36 85 47
86 5 86 16
86 17 86 28
86 43 86 54
87 0 87 11
87 14 87 25
87 27 87 38
87 43 87 54
88 6 88 17
88 23 88 34
88 35 88 46
89 0 89 11
89 12 89 23
89 24 89 35
89 36 89 47
90 9 90 20
90 21 90 32
91 1 91 12
91 13 91 24
91 47 91 58
92 0 92 11
92 12 92 23
92 24 92 35
92 36 92 47
93 0 93 11
93 12 93 23
93 27 93 38
93 39 93 50
94 0 94 11
94 12 94 23
94 24 94 35
94 36 94 47
94 48 94 59
95 4 95 15
95 16 95 27
95 28 95 39
96 0 96 11
96 12 96 23
96 24 96 35
96 40 96 51
97 0 97 11
97 16 97 27
97 28 97 39
97 40 97 51
98 12 98 23
98 24 98 35
99 0 99 11
99 12 99 23
99 26 99 37
99 38 99 49
99 50 99 59
100 7 100 18
100 19 100 30
100 45 100 56
101 0 101 11
101 12 101 23
101 24 101 35
101 36 101 47
101 48 101 59
102 2 102 13
102 14 102 25
102 26 102 37
102 46 102 57
103 0 103 11
103 24 103 35
103 44 103 55
104 0 104 11
104 33 104 44
104 45 104 56
105 0 105 11
105 17 105 28
105 29 105 40
105 41 105 52
106 0 106 11
106 12 106 23
107 0 107 11
107 27 107 38
108 0 108 11
108 12 108 23
108 24 108 35
108 39 108 50
109 14 109 25
109 36 109 47
109 48 109 59
110 0 110 11
110 16 110 27
110 33 110 44
110 45 110 56
111 16 111 27
111 30 111 41
111 42 111 53
111 54 111 59
112 2 112 13
112 14 112 25
112 26 112 37
112 38 112 49
112 50 112 59
113 18 113 29
113 30 113 41
113 44 113 55
114 0 114 11
114 12 114 23
114 24 114 35
114 36 114 47
115 1 115 12
115 13 115 24
115 43 115 54
116 0 116 11
116 12 116 23
116 36 116 47
117 0 117 11
117 12 117 23
117 24 117 35
118 5 118 16
118 17 118 28
118 30 118 41
118 42 118 53
119 0 119 11
119 12 119 23
119 44 119 55
120 4 120 15
120 24 120 35
120 36 120 47
120 48 120 59
121 0 121 11
121 32 121 43
121 44 121 55
122 0 122 11
122 12 122 23
122 24 122 35
122 37 122 48
122 49 122 59
123 3 123 14
123 26 123 37
123 38 123 49
123 50 123 59
124 0 124 11
124 14 124 25
124 26 124 37
124 38 124 49
125 0 125 11
125 24 125 35
125 36 125 47
126 17 126 28
126 40 126 51
126 52 126 59
127 0 127 11
127 12 127 23
127 24 127 35
128 7 128 18
128 22 128 33
128 34 128 45
128 46 128 57
129 3 129 14
129 15 129 26
129 27 129 38
129 39 129 50
130 14 130 25
130 26 130 37
130 39 130 50
131 0 131 11
131 12 131 23
131 34 131 45
131 46 131 57
133 0 133 11
133 12 133 23
133 24 133 35
133 36 133 47
134 11 134 22
134 28 134 39
134 41 134 52
134 53 134 59
135 0 135 11
135 19 135 30
135 31 135 42
136 14 136 25
136 40 136 51
136 52 136 59
137 0 137 11
137 12 137 23
137 29 137 40
137 41 137 52
138 1 138 12
138 13 138 24
138 33 138 44
138 45 138 56
139 3 139 14
139 15 139 26
139 27 139 38
139 47 139 58
140 0 140 11
140 18 140 29
141 0 141 11
141 12 141 23
141 26 141 37
141 38 141 49
141 50 141 59
142 0 142 11
142 15 142 26
142 29 142 40
142 41 142 52
142 53 142 59
143 0 143 11
143 12 143 23
143 24 143 35
143 37 143 48
144 0 144 11
144 12 144 23
144 27 144 38
144 39 144 50
144 51 144 59
145 0 145 11
145 12 145 23
145 28 145 39
145 40 145 51
145 52 145 59
146 0 146 11
146 12 146 23
146 24 146 35
146 36 146 47
146 48 146 59
147 0 147 11
147 12 147 23
147 24 147 35
147 48 147 59
148 2 148 13
148 14 148 25
148 26 148 37
148 39 148 50
149 0 149 11
149 12 149 23
149 24 149 35
149 36 149 47
149 48 149 59
150 1 150 12
150 19 150 30
150 31 150 42
150 43 150 54
151 9 151 20
151 21 151 32
151 33 151 44
152 0 152 11
152 14 152 25
152 28 152 39
152 40 152 51
153 8 153 19
153 31 153 42
153 43 153 54
154 0 154 11
154 14 154 25
154 32 154 43
154 44 154 55
155 6 155 17
155 18 155 29
155 30 155 41
155 42 155 53
156 21 156 32
156 34 156 45
157 0 157 11
157 23 157 34
157 41 157 52
157 53 157 59
158 4 158 15
158 16 158 27
158 29 158 40
158 41 158 52
159 0 159 11
159 12 159 23
159 24 159 35
159 36 159 47
159 48 159 59
160 0 160 11
160 12 160 23
160 24 160 35
160 44 160 55
161 33 161 44
161 47 161 58
162 0 162 11
162 12 162 23
162 39 162 50
163 0 163 11
163 12 163 23
163 24 163 35
164 0 164 11
164 45 164 56
165 0 165 11
165 19 165 30
165 32 165 43
165 48 165 59
166 0 166 11
166 12 166 23
166 27 166 38
166 39 166 50
167 0 167 11
167 12 167 23
167 24 167 35
167 36 167 47
168 0 168 11
168 12 168 23
168 24 168 35
169 0 169 11
169 13 169 24
169 25 169 36
169 37 169 48
169 49 169 59
170 7 170 18
170 20 170 31
170 34 170 45
170 46 170 57
171 0 171 11
171 21 171 32
171 35 171 46
172 4 172 15
172 29 172 40
172 41 172 52
173 0 173 11
173 19 173 30
173 41 173 52
174 0 174 11
174 16 174 27
174 28 174 39
175 2 175 13
175 14 175 25
175 26 175 37
175 38 175 49
175 50 175 59
176 0 176 11
176 12 176 23
176 24 176 35
176 36 176 47
176 48 176 59
177 4 177 15
177 16 177 27
177 43 177 54
178 0 178 11
178 14 178 25
178 31 178 42
178 43 178 54
179 14 179 25
179 26 179 37
179 47 179 58
23 24 24 29
24 16 25 21
36 36 37 41
50 50 51 55
54 36 55 41
63 48 64 53
68 42 69 47
78 55 79 59
84 52 85 57
86 55 87 59
88 50 89 55
90 36 91 41
92 51 93 56
97 54 98 59
105 53 106 58
106 39 107 44
107 54 108 59
129 52 130 57
150 55 151 59
152 55 153 59
164 12 165 17
166 51 167 56
113 56 115 59
